Here is the data matrix A:
 0.610722  0.876305 -0.392004
 0.829231 -0.942179 -0.840033
 0.516775 -0.247515 -0.878606
-0.396123 -0.899179 -0.665188

Its singular values are:
 1.96001
 1.39293
0.549395

Its left singular vectors are the columns of the thin U matrix:
0.0549417  0.799527 -0.376015
-0.745767  0.150211   0.57732
 -0.47405  0.327556 -0.308835
-0.464854 -0.480522 -0.655694

Its right singular vectors are the columns of the thin V matrix:
-0.329435  0.698146  0.635661
 0.656177  0.653376 -0.377534
 0.678899 -0.292733  0.673352


Singular value matrix:
 1.96001        0        0
       0  1.39293        0
       0        0 0.549395

Reconstructed data matrix
 0.610722  0.876305 -0.392004
 0.829231 -0.942179 -0.840033
 0.516775 -0.247515 -0.878606
-0.396123 -0.899179 -0.665188

Difference with input data
-2.22045e-16            0  2.22045e-16
 5.55112e-16 -9.99201e-16 -3.33067e-16
 1.11022e-16 -3.88578e-16 -5.55112e-16
 4.44089e-16 -5.55112e-16 -8.88178e-16
Norm: 1.81157e-15

Left vector orthogonality
           1 -1.66533e-16 -1.94289e-16
-1.66533e-16            1  2.22045e-16
-1.94289e-16  2.22045e-16            1

Right vector orthogonality
           1  2.77556e-17            0
 2.77556e-17            1 -2.77556e-17
           0 -2.77556e-17            1

Corrected left singular vectors:
-0.0549417   0.799527  -0.376015
  0.745767   0.150211    0.57732
   0.47405   0.327556  -0.308835
  0.464854  -0.480522  -0.655694

Corrected right singular vectors:
 0.329435  0.698146  0.635661
-0.656177  0.653376 -0.377534
-0.678899 -0.292733  0.673352

Difference with input data
-2.22045e-16            0  2.22045e-16
 5.55112e-16 -9.99201e-16 -3.33067e-16
 1.11022e-16 -3.88578e-16 -5.55112e-16
 4.44089e-16 -5.55112e-16 -8.88178e-16
Norm: 1.81157e-15
